11719190 gvqhh 84.25 27.24 70.79 28.35 53.54 90.0
6742204 ebmor 76.1 2.19 85.86 58.14 7.24 1.94
32483358 owhzp 69.95 89.92 54.51 48.7 3.01 12.88
78962424 stxvr 86.33 42.57 49.87 76.52 32.97 69.19
82138622 oacmh 85.41 23.04 18.98 52.07 19.78 41.13
74234268 jhuos 48.48 65.87 20.84 43.61 38.64 31.9
94112585 lkfvb 80.79 74.68 50.24 7.16 19.28 71.69
81796177 uqfem 87.86 85.54 37.56 72.13 34.2 42.02
77164621 jvedr 96.04 57.59 47.64 63.81 3.83 96.35
20015399 zqsxb 15.54 39.24 98.86 31.3 84.56 42.92
50019879 epvyz 15.08 43.82 75.32 5.24 62.91 28.36
46600276 untei 18.23 90.6 32.01 34.58 19.44 27.29
2303468 enarv 31.15 47.48 65.96 54.96 80.1 64.59
13335718 wplgk 66.11 44.86 57.9 28.32 51.09 60.44
50171710 aitno 16.62 70.08 49.0 65.16 0.23 66.03
59843934 ayjnu 36.77 59.3 79.06 2.2 57.77 35.22
51367920 qzjsb 80.55 5.39 19.54 3.92 39.95 64.55
96206438 cwjsy 31.05 29.33 2.84 82.2 3.65 77.7
6523460 vgduy 22.63 5.14 70.06 82.7 58.81 86.87
11071723 mslas 85.87 79.85 31.01 9.64 87.91 30.68
15474494 ssvfz 54.08 99.52 45.5 78.68 1.37 52.93
31933903 riiho 12.31 99.31 61.7 93.83 58.48 7.93
23934889 kybqr 11.39 15.65 31.19 95.81 12.6 21.11
22705334 ybywt 77.62 80.36 34.82 22.99 35.62 4.64
50541848 wtyod 89.75 7.4 10.27 60.83 64.83 51.39
53173394 ltgqq 14.78 83.42 59.34 50.29 76.34 73.5
51560703 vewtw 81.85 16.63 41.29 83.0 67.91 41.64
8390675 ncupe 8.91 18.36 44.53 30.14 89.31 8.89
70396360 hrtdq 5.63 40.76 82.91 39.29 76.94 16.3
6089184 pulta 7.01 43.7 99.53 69.55 11.4 90.38
